{
 "cells": [
  {
   "cell_type": "markdown",
   "id": "d32a8e0c",
   "metadata": {},
   "source": [
    "# Как работает учет позиционирования"
   ]
  },
  {
   "cell_type": "code",
   "execution_count": 1,
   "id": "e39bd026",
   "metadata": {},
   "outputs": [],
   "source": [
    "# Импорты\n",
    "import torch\n",
    "import torch.nn as nn\n",
    "import math\n",
    "import numpy as np\n",
    "import matplotlib.pyplot as plt"
   ]
  },
  {
   "cell_type": "code",
   "execution_count": 2,
   "id": "483e3bf0",
   "metadata": {},
   "outputs": [],
   "source": [
    "# Параметры\n",
    "max_len = 100 # длина последовательности\n",
    "d_model = 20 # размерность вектора каждой позиции"
   ]
  },
  {
   "cell_type": "markdown",
   "id": "8297fa8f",
   "metadata": {},
   "source": [
    "## Формирование последовательности  (монотонная)\n",
    "`out # torch.Size([1, 5, 4])`"
   ]
  },
  {
   "cell_type": "code",
   "execution_count": 30,
   "id": "1aa914f8",
   "metadata": {},
   "outputs": [],
   "source": [
    "seq = list(range(1, max_len+1))\n",
    "# seq"
   ]
  },
  {
   "cell_type": "code",
   "execution_count": 32,
   "id": "bca10cbc",
   "metadata": {},
   "outputs": [],
   "source": [
    "input_proj = nn.Linear(1, d_model)"
   ]
  },
  {
   "cell_type": "code",
   "execution_count": 36,
   "id": "d13004db",
   "metadata": {},
   "outputs": [],
   "source": [
    "x = torch.tensor(seq, dtype=torch.float32).unsqueeze(0).unsqueeze(-1)  # [max_len, 1]\n",
    "#print(x)"
   ]
  },
  {
   "cell_type": "code",
   "execution_count": 48,
   "id": "e56a6b8f-77c6-4ab9-8382-db65eece630d",
   "metadata": {},
   "outputs": [
    {
     "data": {
      "text/plain": [
       "tensor([[ 2.],\n",
       "        [ 3.],\n",
       "        [ 4.],\n",
       "        [ 5.],\n",
       "        [ 6.],\n",
       "        [ 7.],\n",
       "        [ 8.],\n",
       "        [ 9.],\n",
       "        [10.]])"
      ]
     },
     "execution_count": 48,
     "metadata": {},
     "output_type": "execute_result"
    }
   ],
   "source": [
    "x[0, 1:10, :] #1 vector, 20 from the sequence, all d_model dimensions"
   ]
  },
  {
   "cell_type": "code",
   "execution_count": 50,
   "id": "28f5c562",
   "metadata": {},
   "outputs": [
    {
     "data": {
      "text/plain": [
       "torch.Size([1, 100, 20])"
      ]
     },
     "execution_count": 50,
     "metadata": {},
     "output_type": "execute_result"
    }
   ],
   "source": [
    "out = input_proj(x)\n",
    "out.shape # [max_len, d_model]"
   ]
  },
  {
   "cell_type": "markdown",
   "id": "66920eff",
   "metadata": {},
   "source": [
    "## Формирование последовательности  (не монотонная)\n",
    "`out # torch.Size([1, 5, 4])`"
   ]
  },
  {
   "cell_type": "code",
   "execution_count": 53,
   "id": "2f9b5b72",
   "metadata": {},
   "outputs": [],
   "source": [
    "seq = ['may', 'june', 'july', 'august', 'october']"
   ]
  },
  {
   "cell_type": "code",
   "execution_count": 55,
   "id": "8bdbaea1",
   "metadata": {},
   "outputs": [
    {
     "name": "stdout",
     "output_type": "stream",
     "text": [
      "{'august': 0, 'july': 1, 'june': 2, 'may': 3, 'october': 4}\n"
     ]
    }
   ],
   "source": [
    "# Словарь, отображающий слова в числа\n",
    "vocab = {word: idx for idx, word in enumerate(sorted(set(seq)))}\n",
    "print(vocab)  # {'august': 0, 'july': 1, 'june': 2, 'may': 3, 'october': 4}"
   ]
  },
  {
   "cell_type": "code",
   "execution_count": 59,
   "id": "1a7ecab4",
   "metadata": {},
   "outputs": [
    {
     "data": {
      "text/plain": [
       "[3, 2, 1, 0, 4]"
      ]
     },
     "execution_count": 59,
     "metadata": {},
     "output_type": "execute_result"
    }
   ],
   "source": [
    "# Преобразуем слова в индексы\n",
    "seq_ids = [vocab[word] for word in seq]  #  ['may', 'june', 'july', 'august', 'october'] -> into -> [3, 2, 1, 0, 4]\n",
    "seq_ids"
   ]
  },
  {
   "cell_type": "code",
   "execution_count": 20,
   "id": "0010fcc1",
   "metadata": {},
   "outputs": [],
   "source": [
    "input = nn.Linear(1, d_model)"
   ]
  },
  {
   "cell_type": "code",
   "execution_count": 22,
   "id": "a1c07076",
   "metadata": {},
   "outputs": [
    {
     "data": {
      "text/plain": [
       "tensor([[[3.],\n",
       "         [2.],\n",
       "         [1.],\n",
       "         [0.],\n",
       "         [4.]]])"
      ]
     },
     "execution_count": 22,
     "metadata": {},
     "output_type": "execute_result"
    }
   ],
   "source": [
    "# Преобразуем в тензор\n",
    "x = torch.tensor(seq_ids, dtype=torch.float32).unsqueeze(0).unsqueeze(-1)  # [1, 5, 1]\n",
    "x"
   ]
  },
  {
   "cell_type": "code",
   "execution_count": 24,
   "id": "544a05db",
   "metadata": {},
   "outputs": [
    {
     "data": {
      "text/plain": [
       "torch.Size([1, 5, 20])"
      ]
     },
     "execution_count": 24,
     "metadata": {},
     "output_type": "execute_result"
    }
   ],
   "source": [
    "# Проекция\n",
    "out = input_proj(x)\n",
    "out.shape # [1, 5, 4]"
   ]
  },
  {
   "cell_type": "markdown",
   "id": "3bb08900",
   "metadata": {},
   "source": [
    "## Получение эмбеддингов позиционирования (`pos_emb`)"
   ]
  },
  {
   "cell_type": "code",
   "execution_count": 162,
   "id": "bc3171f6",
   "metadata": {},
   "outputs": [],
   "source": [
    "def generate_sinusoidal_positional_encoding(max_len, d_model):\n",
    "    pe = torch.zeros(max_len, d_model)\n",
    "    position = torch.arange(0, max_len, dtype=torch.float).unsqueeze(1)  # [max_len, 1]\n",
    "    div_term = torch.exp(torch.arange(0, d_model, 2).float() * (-math.log(10000.0) / d_model))\n",
    "    pe[:, 0::2] = torch.sin(position * div_term)  # чётные индексы\n",
    "    pe[:, 1::2] = torch.cos(position * div_term)  # нечётные индексы\n",
    "    return pe"
   ]
  },
  {
   "cell_type": "code",
   "execution_count": 183,
   "id": "b13bf867",
   "metadata": {},
   "outputs": [
    {
     "data": {
      "text/plain": [
       "torch.Size([100, 20])"
      ]
     },
     "execution_count": 183,
     "metadata": {},
     "output_type": "execute_result"
    }
   ],
   "source": [
    "pe = generate_sinusoidal_positional_encoding(max_len, d_model)\n",
    "pe.shape # [max_len, d_model]"
   ]
  },
  {
   "cell_type": "code",
   "execution_count": 184,
   "id": "e92fa1bc",
   "metadata": {},
   "outputs": [
    {
     "data": {
      "text/plain": [
       "torch.Size([1, 100, 20])"
      ]
     },
     "execution_count": 184,
     "metadata": {},
     "output_type": "execute_result"
    }
   ],
   "source": [
    "pos_emb = pe.unsqueeze(0)\n",
    "pos_emb.shape # [1, max_len, d_model]"
   ]
  },
  {
   "cell_type": "markdown",
   "id": "d4b3322e",
   "metadata": {},
   "source": [
    "## Результат"
   ]
  },
  {
   "cell_type": "code",
   "execution_count": 185,
   "id": "10d1bd73",
   "metadata": {},
   "outputs": [
    {
     "data": {
      "text/plain": [
       "tensor([[[ 1.8939e-01,  7.1997e-01, -8.9454e-01,  ..., -6.7241e-02,\n",
       "          -2.9772e-01,  1.8032e+00],\n",
       "         [ 1.6485e+00, -7.0207e-01, -1.4149e+00,  ..., -6.2657e-01,\n",
       "          -2.8386e-02,  2.7830e+00],\n",
       "         [ 2.3340e+00, -2.6209e+00, -1.9958e+00,  ..., -1.1859e+00,\n",
       "           2.4095e-01,  3.7628e+00],\n",
       "         ...,\n",
       "         [ 6.0482e+01, -9.4552e+01, -8.8177e+01,  ..., -5.4324e+01,\n",
       "           2.5828e+01,  9.6844e+01],\n",
       "         [ 6.0147e+01, -9.5409e+01, -8.8911e+01,  ..., -5.4884e+01,\n",
       "           2.6097e+01,  9.7824e+01],\n",
       "         [ 6.0339e+01, -9.5512e+01, -8.9797e+01,  ..., -5.5443e+01,\n",
       "           2.6367e+01,  9.8804e+01]]], grad_fn=<AddBackward0>)"
      ]
     },
     "execution_count": 185,
     "metadata": {},
     "output_type": "execute_result"
    }
   ],
   "source": [
    "# Эмбеддинги входной последовательности с учетом позиций\n",
    "x_with_pos = out + pos_emb\n",
    "x_with_pos # [1, max_len, d_model]"
   ]
  },
  {
   "cell_type": "markdown",
   "id": "6cbd75e9",
   "metadata": {},
   "source": [
    "Посчитаем косинусные сходства между 5 эмбеддингами без учета позиций и с учетом."
   ]
  },
  {
   "cell_type": "code",
   "execution_count": 186,
   "id": "caf25f0a",
   "metadata": {},
   "outputs": [],
   "source": [
    "import torch.nn.functional as F"
   ]
  },
  {
   "cell_type": "markdown",
   "id": "d9f56b4a",
   "metadata": {},
   "source": [
    "### Без учета позиций"
   ]
  },
  {
   "cell_type": "code",
   "execution_count": 187,
   "id": "7e23eca1",
   "metadata": {},
   "outputs": [],
   "source": [
    "# out: # [1, max_len, d_model] — уберем размерность батча\n",
    "emb = out.squeeze(0)  # # [max_len, d_model]\n",
    "\n",
    "# Заготовка нулевой матрицы\n",
    "similarities = torch.zeros(d_model, d_model)\n",
    "\n",
    "# Расчет косинусного сходства между всеми парами: (i, j)\n",
    "for i in range(d_model):\n",
    "    for j in range(d_model):\n",
    "        sim = F.cosine_similarity(emb[i].unsqueeze(0), emb[j].unsqueeze(0))\n",
    "        similarities[i, j] = sim"
   ]
  },
  {
   "cell_type": "markdown",
   "id": "e9026268",
   "metadata": {},
   "source": [
    "### С учетом позиций"
   ]
  },
  {
   "cell_type": "code",
   "execution_count": 188,
   "id": "5f81da84",
   "metadata": {},
   "outputs": [],
   "source": [
    "# x_with_pos: [1, max_len, d_model] — уберем размерность батча\n",
    "emb_pos = x_with_pos.squeeze(0)  # [max_len, d_model]\n",
    "\n",
    "# Заготовка нулевой матрицы\n",
    "similarities_pos = torch.zeros(d_model, d_model)\n",
    "\n",
    "# Косинусное сходство между всеми парами: (i, j)\n",
    "for i in range(d_model):\n",
    "    for j in range(d_model):\n",
    "        sim = F.cosine_similarity(emb_pos[i].unsqueeze(0), emb_pos[j].unsqueeze(0))\n",
    "        similarities_pos[i, j] = sim"
   ]
  },
  {
   "cell_type": "code",
   "execution_count": 189,
   "id": "a171e337",
   "metadata": {},
   "outputs": [
    {
     "name": "stdout",
     "output_type": "stream",
     "text": [
      "Косинусное сходство между позициями (без учета позиции):\n",
      "tensor([[1.0000, 0.8683, 0.7743, 0.7235, 0.6926, 0.6721, 0.6574, 0.6465, 0.6380,\n",
      "         0.6313, 0.6257, 0.6212, 0.6173, 0.6140, 0.6111, 0.6086, 0.6064, 0.6045,\n",
      "         0.6027, 0.6012],\n",
      "        [0.8683, 1.0000, 0.9862, 0.9706, 0.9592, 0.9509, 0.9446, 0.9398, 0.9359,\n",
      "         0.9328, 0.9303, 0.9281, 0.9262, 0.9247, 0.9233, 0.9221, 0.9210, 0.9200,\n",
      "         0.9192, 0.9184],\n",
      "        [0.7743, 0.9862, 1.0000, 0.9971, 0.9927, 0.9890, 0.9859, 0.9834, 0.9813,\n",
      "         0.9796, 0.9781, 0.9769, 0.9758, 0.9749, 0.9741, 0.9734, 0.9727, 0.9722,\n",
      "         0.9716, 0.9712],\n",
      "        [0.7235, 0.9706, 0.9971, 1.0000, 0.9990, 0.9974, 0.9958, 0.9944, 0.9932,\n",
      "         0.9921, 0.9912, 0.9904, 0.9897, 0.9891, 0.9886, 0.9881, 0.9877, 0.9873,\n",
      "         0.9869, 0.9866],\n",
      "        [0.6926, 0.9592, 0.9927, 0.9990, 1.0000, 0.9996, 0.9989, 0.9981, 0.9973,\n",
      "         0.9966, 0.9960, 0.9955, 0.9950, 0.9946, 0.9942, 0.9939, 0.9936, 0.9933,\n",
      "         0.9930, 0.9928],\n",
      "        [0.6721, 0.9509, 0.9890, 0.9974, 0.9996, 1.0000, 0.9998, 0.9994, 0.9990,\n",
      "         0.9986, 0.9981, 0.9978, 0.9974, 0.9971, 0.9968, 0.9966, 0.9964, 0.9961,\n",
      "         0.9959, 0.9958],\n",
      "        [0.6574, 0.9446, 0.9859, 0.9958, 0.9989, 0.9998, 1.0000, 0.9999, 0.9997,\n",
      "         0.9994, 0.9991, 0.9989, 0.9986, 0.9984, 0.9982, 0.9980, 0.9978, 0.9977,\n",
      "         0.9975, 0.9974],\n",
      "        [0.6465, 0.9398, 0.9834, 0.9944, 0.9981, 0.9994, 0.9999, 1.0000, 0.9999,\n",
      "         0.9998, 0.9996, 0.9995, 0.9993, 0.9991, 0.9990, 0.9988, 0.9987, 0.9986,\n",
      "         0.9984, 0.9983],\n",
      "        [0.6380, 0.9359, 0.9813, 0.9932, 0.9973, 0.9990, 0.9997, 0.9999, 1.0000,\n",
      "         1.0000, 0.9999, 0.9998, 0.9996, 0.9995, 0.9994, 0.9993, 0.9992, 0.9991,\n",
      "         0.9990, 0.9989],\n",
      "        [0.6313, 0.9328, 0.9796, 0.9921, 0.9966, 0.9986, 0.9994, 0.9998, 1.0000,\n",
      "         1.0000, 1.0000, 0.9999, 0.9998, 0.9998, 0.9997, 0.9996, 0.9995, 0.9994,\n",
      "         0.9993, 0.9993],\n",
      "        [0.6257, 0.9303, 0.9781, 0.9912, 0.9960, 0.9981, 0.9991, 0.9996, 0.9999,\n",
      "         1.0000, 1.0000, 1.0000, 0.9999, 0.9999, 0.9998, 0.9998, 0.9997, 0.9996,\n",
      "         0.9996, 0.9995],\n",
      "        [0.6212, 0.9281, 0.9769, 0.9904, 0.9955, 0.9978, 0.9989, 0.9995, 0.9998,\n",
      "         0.9999, 1.0000, 1.0000, 1.0000, 1.0000, 0.9999, 0.9999, 0.9998, 0.9998,\n",
      "         0.9997, 0.9997],\n",
      "        [0.6173, 0.9262, 0.9758, 0.9897, 0.9950, 0.9974, 0.9986, 0.9993, 0.9996,\n",
      "         0.9998, 0.9999, 1.0000, 1.0000, 1.0000, 1.0000, 0.9999, 0.9999, 0.9999,\n",
      "         0.9998, 0.9998],\n",
      "        [0.6140, 0.9247, 0.9749, 0.9891, 0.9946, 0.9971, 0.9984, 0.9991, 0.9995,\n",
      "         0.9998, 0.9999, 1.0000, 1.0000, 1.0000, 1.0000, 1.0000, 1.0000, 0.9999,\n",
      "         0.9999, 0.9999],\n",
      "        [0.6111, 0.9233, 0.9741, 0.9886, 0.9942, 0.9968, 0.9982, 0.9990, 0.9994,\n",
      "         0.9997, 0.9998, 0.9999, 1.0000, 1.0000, 1.0000, 1.0000, 1.0000, 1.0000,\n",
      "         0.9999, 0.9999],\n",
      "        [0.6086, 0.9221, 0.9734, 0.9881, 0.9939, 0.9966, 0.9980, 0.9988, 0.9993,\n",
      "         0.9996, 0.9998, 0.9999, 0.9999, 1.0000, 1.0000, 1.0000, 1.0000, 1.0000,\n",
      "         1.0000, 1.0000],\n",
      "        [0.6064, 0.9210, 0.9727, 0.9877, 0.9936, 0.9964, 0.9978, 0.9987, 0.9992,\n",
      "         0.9995, 0.9997, 0.9998, 0.9999, 1.0000, 1.0000, 1.0000, 1.0000, 1.0000,\n",
      "         1.0000, 1.0000],\n",
      "        [0.6045, 0.9200, 0.9722, 0.9873, 0.9933, 0.9961, 0.9977, 0.9986, 0.9991,\n",
      "         0.9994, 0.9996, 0.9998, 0.9999, 0.9999, 1.0000, 1.0000, 1.0000, 1.0000,\n",
      "         1.0000, 1.0000],\n",
      "        [0.6027, 0.9192, 0.9716, 0.9869, 0.9930, 0.9959, 0.9975, 0.9984, 0.9990,\n",
      "         0.9993, 0.9996, 0.9997, 0.9998, 0.9999, 0.9999, 1.0000, 1.0000, 1.0000,\n",
      "         1.0000, 1.0000],\n",
      "        [0.6012, 0.9184, 0.9712, 0.9866, 0.9928, 0.9958, 0.9974, 0.9983, 0.9989,\n",
      "         0.9993, 0.9995, 0.9997, 0.9998, 0.9999, 0.9999, 1.0000, 1.0000, 1.0000,\n",
      "         1.0000, 1.0000]], grad_fn=<CopySlices>)\n",
      "_______________________\n",
      "Косинусное сходство между позициями (с учетом позиции):\n",
      "tensor([[1.0000, 0.8175, 0.6232, 0.5236, 0.4836, 0.4670, 0.4484, 0.4213, 0.3943,\n",
      "         0.3773, 0.3734, 0.3774, 0.3800, 0.3751, 0.3642, 0.3539, 0.3490, 0.3494,\n",
      "         0.3507, 0.3482],\n",
      "        [0.8175, 1.0000, 0.9550, 0.9013, 0.8706, 0.8591, 0.8535, 0.8442, 0.8306,\n",
      "         0.8173, 0.8092, 0.8081, 0.8109, 0.8121, 0.8089, 0.8029, 0.7976, 0.7957,\n",
      "         0.7967, 0.7976],\n",
      "        [0.6232, 0.9550, 1.0000, 0.9870, 0.9690, 0.9577, 0.9526, 0.9495, 0.9455,\n",
      "         0.9394, 0.9330, 0.9289, 0.9282, 0.9295, 0.9302, 0.9289, 0.9261, 0.9236,\n",
      "         0.9228, 0.9233],\n",
      "        [0.5236, 0.9013, 0.9870, 1.0000, 0.9948, 0.9858, 0.9786, 0.9750, 0.9742,\n",
      "         0.9731, 0.9701, 0.9661, 0.9630, 0.9622, 0.9631, 0.9641, 0.9638, 0.9623,\n",
      "         0.9606, 0.9597],\n",
      "        [0.4836, 0.8706, 0.9690, 0.9948, 1.0000, 0.9967, 0.9901, 0.9850, 0.9837,\n",
      "         0.9842, 0.9838, 0.9816, 0.9783, 0.9758, 0.9753, 0.9763, 0.9773, 0.9772,\n",
      "         0.9759, 0.9743],\n",
      "        [0.4670, 0.8591, 0.9577, 0.9858, 0.9967, 1.0000, 0.9975, 0.9930, 0.9902,\n",
      "         0.9897, 0.9900, 0.9896, 0.9878, 0.9852, 0.9835, 0.9832, 0.9839, 0.9847,\n",
      "         0.9846, 0.9835],\n",
      "        [0.4484, 0.8535, 0.9526, 0.9786, 0.9901, 0.9975, 1.0000, 0.9984, 0.9956,\n",
      "         0.9936, 0.9929, 0.9930, 0.9928, 0.9916, 0.9897, 0.9883, 0.9879, 0.9885,\n",
      "         0.9893, 0.9893],\n",
      "        [0.4213, 0.8442, 0.9495, 0.9750, 0.9850, 0.9930, 0.9984, 1.0000, 0.9989,\n",
      "         0.9967, 0.9949, 0.9944, 0.9948, 0.9948, 0.9938, 0.9922, 0.9910, 0.9910,\n",
      "         0.9918, 0.9926],\n",
      "        [0.3943, 0.8306, 0.9455, 0.9742, 0.9837, 0.9902, 0.9956, 0.9989, 1.0000,\n",
      "         0.9991, 0.9973, 0.9961, 0.9959, 0.9962, 0.9961, 0.9952, 0.9941, 0.9934,\n",
      "         0.9937, 0.9944],\n",
      "        [0.3773, 0.8173, 0.9394, 0.9731, 0.9842, 0.9897, 0.9936, 0.9967, 0.9991,\n",
      "         1.0000, 0.9993, 0.9980, 0.9971, 0.9968, 0.9969, 0.9969, 0.9964, 0.9957,\n",
      "         0.9953, 0.9953],\n",
      "        [0.3734, 0.8092, 0.9330, 0.9701, 0.9838, 0.9900, 0.9929, 0.9949, 0.9973,\n",
      "         0.9993, 1.0000, 0.9995, 0.9983, 0.9974, 0.9971, 0.9973, 0.9974, 0.9971,\n",
      "         0.9965, 0.9960],\n",
      "        [0.3774, 0.8081, 0.9289, 0.9661, 0.9816, 0.9896, 0.9930, 0.9944, 0.9961,\n",
      "         0.9980, 0.9995, 1.0000, 0.9995, 0.9984, 0.9977, 0.9975, 0.9977, 0.9978,\n",
      "         0.9975, 0.9969],\n",
      "        [0.3800, 0.8109, 0.9282, 0.9630, 0.9783, 0.9878, 0.9928, 0.9948, 0.9959,\n",
      "         0.9971, 0.9983, 0.9995, 1.0000, 0.9996, 0.9987, 0.9981, 0.9979, 0.9981,\n",
      "         0.9982, 0.9979],\n",
      "        [0.3751, 0.8121, 0.9295, 0.9622, 0.9758, 0.9852, 0.9916, 0.9948, 0.9962,\n",
      "         0.9968, 0.9974, 0.9984, 0.9996, 1.0000, 0.9996, 0.9989, 0.9983, 0.9982,\n",
      "         0.9986, 0.9987],\n",
      "        [0.3642, 0.8089, 0.9302, 0.9631, 0.9753, 0.9835, 0.9897, 0.9938, 0.9961,\n",
      "         0.9969, 0.9971, 0.9977, 0.9987, 0.9996, 1.0000, 0.9997, 0.9990, 0.9987,\n",
      "         0.9988, 0.9990],\n",
      "        [0.3539, 0.8029, 0.9289, 0.9641, 0.9763, 0.9832, 0.9883, 0.9922, 0.9952,\n",
      "         0.9969, 0.9973, 0.9975, 0.9981, 0.9989, 0.9997, 1.0000, 0.9997, 0.9993,\n",
      "         0.9991, 0.9991],\n",
      "        [0.3490, 0.7976, 0.9261, 0.9638, 0.9773, 0.9839, 0.9879, 0.9910, 0.9941,\n",
      "         0.9964, 0.9974, 0.9977, 0.9979, 0.9983, 0.9990, 0.9997, 1.0000, 0.9998,\n",
      "         0.9994, 0.9991],\n",
      "        [0.3494, 0.7957, 0.9236, 0.9623, 0.9772, 0.9847, 0.9885, 0.9910, 0.9934,\n",
      "         0.9957, 0.9971, 0.9978, 0.9981, 0.9982, 0.9987, 0.9993, 0.9998, 1.0000,\n",
      "         0.9998, 0.9994],\n",
      "        [0.3507, 0.7967, 0.9228, 0.9606, 0.9759, 0.9846, 0.9893, 0.9918, 0.9937,\n",
      "         0.9953, 0.9965, 0.9975, 0.9982, 0.9986, 0.9988, 0.9991, 0.9994, 0.9998,\n",
      "         1.0000, 0.9998],\n",
      "        [0.3482, 0.7976, 0.9233, 0.9597, 0.9743, 0.9835, 0.9893, 0.9926, 0.9944,\n",
      "         0.9953, 0.9960, 0.9969, 0.9979, 0.9987, 0.9990, 0.9991, 0.9991, 0.9994,\n",
      "         0.9998, 1.0000]], grad_fn=<CopySlices>)\n"
     ]
    }
   ],
   "source": [
    "print(\"Косинусное сходство между позициями (без учета позиции):\")\n",
    "print(similarities)\n",
    "print(\"_______________________\")\n",
    "print(\"Косинусное сходство между позициями (с учетом позиции):\")\n",
    "print(similarities_pos)"
   ]
  },
  {
   "cell_type": "markdown",
   "id": "adf7bd29",
   "metadata": {},
   "source": [
    "📌 Что мы получили.  \n",
    "Значения в ячейках [i, j] в матрицах отражают __косинусное сходство__ (очевидно, обратная величина косинусного расстояния) между эмбеддингами токенов в позициях i и j. Чем ближе значение к 1, тем похожее поведение в модели, а если ближе к 0 или -1 — тем более они различны.   \n",
    "\n",
    "Как видим, добавление позиционной информации корректирует эмбеддинги так, что у более близких значений величина косинусного сходства возрастает"
   ]
  }
 ],
 "metadata": {
  "kernelspec": {
   "display_name": "Python 3 (ipykernel)",
   "language": "python",
   "name": "python3"
  },
  "language_info": {
   "codemirror_mode": {
    "name": "ipython",
    "version": 3
   },
   "file_extension": ".py",
   "mimetype": "text/x-python",
   "name": "python",
   "nbconvert_exporter": "python",
   "pygments_lexer": "ipython3",
   "version": "3.11.7"
  }
 },
 "nbformat": 4,
 "nbformat_minor": 5
}
